400	0.018399
401	0.018425
402	0.018445
403	0.018475
404	0.018515
405	0.018557
406	0.018605
407	0.018657
408	0.018716
409	0.018771
410	0.018818
411	0.01886
412	0.018913
413	0.018972
414	0.019039
415	0.019097
416	0.01916
417	0.019219
418	0.019278
419	0.019336
420	0.019398
421	0.019448
422	0.019503
423	0.019557
424	0.019617
425	0.019683
426	0.019739
427	0.019773
428	0.019809
429	0.019856
430	0.019893
431	0.019929
432	0.019974
433	0.020015
434	0.020051
435	0.020083
436	0.020115
437	0.020141
438	0.020165
439	0.020189
440	0.020218
441	0.020256
442	0.020287
443	0.020319
444	0.020342
445	0.020367
446	0.020386
447	0.020402
448	0.020423
449	0.020441
450	0.020453
451	0.02047
452	0.020484
453	0.020498
454	0.020509
455	0.020522
456	0.02053
457	0.020546
458	0.020558
459	0.02057
460	0.02058
461	0.020587
462	0.020591
463	0.020596
464	0.020598
465	0.020606
466	0.02062
467	0.020628
468	0.020635
469	0.020656
470	0.02067
471	0.020684
472	0.020696
473	0.02071
474	0.020724
475	0.020742
476	0.02076
477	0.020775
478	0.020791
479	0.020809
480	0.020823
481	0.020845
482	0.020861
483	0.020879
484	0.020899
485	0.020921
486	0.020941
487	0.020966
488	0.020996
489	0.021027
490	0.021067
491	0.021117
492	0.021176
493	0.021247
494	0.02133
495	0.021427
496	0.021542
497	0.021686
498	0.021857
499	0.02205
500	0.022273
501	0.022536
502	0.022839
503	0.023185
504	0.023571
505	0.024011
506	0.024503
507	0.025059
508	0.025668
509	0.026354
510	0.027103
511	0.02793
512	0.028838
513	0.029829
514	0.030888
515	0.032041
516	0.033251
517	0.034524
518	0.035847
519	0.037212
520	0.038608
521	0.040022
522	0.041446
523	0.042851
524	0.044208
525	0.04551
526	0.046738
527	0.047882
528	0.048918
529	0.049861
530	0.050709
531	0.051451
532	0.052083
533	0.052623
534	0.053067
535	0.053426
536	0.053702
537	0.053924
538	0.054084
539	0.054203
540	0.054247
541	0.054329
542	0.054361
543	0.0544
544	0.054428
545	0.054488
546	0.054537
547	0.054615
548	0.054684
549	0.054782
550	0.054826
551	0.054859
552	0.054844
553	0.05481
554	0.054727
555	0.054588
556	0.054364
557	0.054124
558	0.053791
559	0.053413
560	0.053015
561	0.052562
562	0.052047
563	0.051476
564	0.050857
565	0.050196
566	0.049484
567	0.048738
568	0.047961
569	0.047156
570	0.046351
571	0.045523
572	0.044731
573	0.043968
574	0.043232
575	0.042546
576	0.041889
577	0.041295
578	0.040739
579	0.040221
580	0.039738
581	0.039285
582	0.038862
583	0.03847
584	0.038105
585	0.037778
586	0.037461
587	0.037168
588	0.036909
589	0.036673
590	0.036456
591	0.036272
592	0.036091
593	0.03594
594	0.035806
595	0.035702
596	0.035583
597	0.035482
598	0.035385
599	0.035271
600	0.035161
601	0.035023
602	0.034872
603	0.034706
604	0.034497
605	0.034286
606	0.034043
607	0.033767
608	0.033478
609	0.033177
610	0.032875
611	0.03257
612	0.032265
613	0.031953
614	0.031651
615	0.031353
616	0.03108
617	0.030822
618	0.03058
619	0.03037
620	0.030191
621	0.030033
622	0.029909
623	0.0298
624	0.029711
625	0.029647
626	0.029596
627	0.029566
628	0.029546
629	0.029523
630	0.029508
631	0.029478
632	0.029426
633	0.029356
634	0.029254
635	0.029117
636	0.028948
637	0.02874
638	0.028503
639	0.028236
640	0.027956
641	0.027666
642	0.027371
643	0.027078
644	0.026801
645	0.026535
646	0.026292
647	0.026074
648	0.025885
649	0.025721
650	0.025585
651	0.02548
652	0.025389
653	0.025304
654	0.025222
655	0.025136
656	0.025051
657	0.024962
658	0.024867
659	0.024769
660	0.02468
661	0.024592
662	0.024521
663	0.024474
664	0.024449
665	0.024445
666	0.02446
667	0.024496
668	0.02456
669	0.024632
670	0.024723
671	0.024825
672	0.024932
673	0.025056
674	0.025184
675	0.025323
676	0.025472
677	0.025628
678	0.025792
679	0.025956
680	0.026117
681	0.026279
682	0.026434
683	0.026598
684	0.026779
685	0.027003
686	0.027289
687	0.027704
688	0.028297
689	0.029115
690	0.030233
691	0.03169
692	0.033525
693	0.035781
694	0.038463
695	0.041592
696	0.045145
697	0.049127
698	0.053497
699	0.058214
700	0.063274
701	0.068636
702	0.074177
703	0.079923
704	0.085813
705	0.091808
706	0.097917
707	0.10413
708	0.11046
709	0.11689
710	0.12345
711	0.13011
712	0.1369
713	0.14383
714	0.15092
715	0.15813
716	0.1655
717	0.17298
718	0.18056
719	0.18828
720	0.19607
721	0.20398
722	0.21196
723	0.21996
724	0.22797
725	0.23603
726	0.24399
727	0.25194
728	0.25977
729	0.26752
730	0.27515
731	0.28251
732	0.2898
733	0.29688
734	0.30366
735	0.31022
736	0.31653
737	0.3226
738	0.32839
739	0.33394
740	0.33919
741	0.34413
742	0.34881
743	0.35318
744	0.3573
745	0.36114
746	0.36474
747	0.36804
748	0.3711
749	0.3739
750	0.37645
751	0.37894
752	0.38139
753	0.38373
754	0.38597
755	0.38814
756	0.39025
757	0.39227
758	0.3942
759	0.39603
760	0.39777
761	0.39937
762	0.40088
763	0.4023
764	0.40363
765	0.40484
766	0.40594
767	0.40695
768	0.40789
769	0.40873
770	0.40947
771	0.41016
772	0.41078
773	0.41133
774	0.41181
775	0.4122
776	0.41261
777	0.41299
778	0.41328
779	0.41353
780	0.41372
781	0.41388
782	0.41405
783	0.41424
784	0.4144
785	0.41457
786	0.41475
787	0.4149
788	0.41507
789	0.4152
790	0.41537
791	0.41548
792	0.41563
793	0.41575
794	0.41588
795	0.416
796	0.41614
797	0.41625
798	0.41638
799	0.4165
800	0.41664
801	0.4168
802	0.41694
803	0.41711
804	0.41727
805	0.41743
806	0.4176
807	0.41776
808	0.41793
809	0.41808
810	0.41825
811	0.4184
812	0.41859
813	0.41874
814	0.41893
815	0.41909
816	0.41927
817	0.41942
818	0.41959
819	0.41975
820	0.41993
821	0.42007
822	0.4202
823	0.42035
824	0.4205
825	0.42064
826	0.4207
827	0.4208
828	0.42089
829	0.42093
830	0.42102
831	0.42108
832	0.4211
833	0.4211
834	0.42117
835	0.42125
836	0.42128
837	0.42136
838	0.42143
839	0.4215
840	0.42158
841	0.4217
842	0.42185
843	0.42196
844	0.42212
845	0.42224
846	0.42239
847	0.42255
848	0.42267
849	0.42281
850	0.42294
851	0.42303
852	0.42312
853	0.42321
854	0.42331
855	0.4234
856	0.42347
857	0.42354
858	0.42364
859	0.42368
860	0.42378
861	0.42388
862	0.42396
863	0.42406
864	0.42415
865	0.42422
866	0.42438
867	0.42456
868	0.42472
869	0.42491
870	0.42506
871	0.42518
872	0.42533
873	0.42549
874	0.42562
875	0.42577
876	0.42585
877	0.42596
878	0.42604
879	0.42616
880	0.42625
881	0.42633
882	0.42644
883	0.42654
884	0.42662
885	0.42674
886	0.42683
887	0.42691
888	0.427
889	0.42708
890	0.42717
891	0.42723
892	0.42727
893	0.42737
894	0.42743
895	0.42751
896	0.42754
897	0.42763
898	0.42768
899	0.42774
900	0.42779
901	0.42787
902	0.42793
903	0.428
904	0.42809
905	0.42818
906	0.42825
907	0.42833
908	0.42839
909	0.42851
910	0.42859
911	0.42868
912	0.4287
913	0.42878
914	0.42885
915	0.42895
916	0.42901
917	0.42904
918	0.42908
919	0.42916
920	0.42927
921	0.42927
922	0.42922
923	0.42921
924	0.42926
925	0.42925
926	0.42928
927	0.4293
928	0.4292
929	0.42898
930	0.42887
931	0.42877
932	0.42865
933	0.42854
934	0.42844
935	0.42829
936	0.42795
937	0.42764
938	0.42749
939	0.42739
940	0.42706
941	0.42648
942	0.42618
943	0.42602
944	0.42574
945	0.42537
946	0.425
947	0.4247
948	0.42445
949	0.4238
950	0.42262
951	0.4219
952	0.42145
953	0.42079
954	0.42004
955	0.41936
956	0.41873
957	0.41814
958	0.41766
959	0.41725
960	0.41678
961	0.41614
962	0.41586
963	0.41581
964	0.41571
965	0.41558
966	0.41553
967	0.41553
968	0.41556
969	0.41559
970	0.41562
971	0.41565
972	0.4157
973	0.41574
974	0.41575
975	0.41583
976	0.41591
977	0.41603
978	0.41617
979	0.41632
980	0.41651
981	0.41667
982	0.41686
983	0.41703
984	0.41725
985	0.41744
986	0.41772
987	0.41797
988	0.41825
989	0.4185
990	0.41881
991	0.4192
992	0.41958
993	0.41993
994	0.42026
995	0.42065
996	0.42103
997	0.4214
998	0.42176
999	0.42211
1000	0.42247
1001	0.42284
1002	0.42321
1003	0.4235
1004	0.42382
1005	0.42417
1006	0.42444
1007	0.42475
1008	0.42504
1009	0.42533
1010	0.42565
1011	0.42598
1012	0.4263
1013	0.4266
1014	0.42688
1015	0.42717
1016	0.42753
1017	0.42785
1018	0.42822
1019	0.42863
1020	0.42903
1021	0.42943
1022	0.42978
1023	0.43013
1024	0.43049
1025	0.43084
1026	0.43116
1027	0.43147
1028	0.43185
1029	0.43221
1030	0.43254
1031	0.43278
1032	0.43294
1033	0.43317
1034	0.43347
1035	0.43376
1036	0.43399
1037	0.43417
1038	0.4344
1039	0.43463
1040	0.4348
1041	0.435
1042	0.4352
1043	0.43536
1044	0.43551
1045	0.43564
1046	0.43578
1047	0.43601
1048	0.4362
1049	0.43637
1050	0.43653
1051	0.43666
1052	0.43684
1053	0.43702
1054	0.43718
1055	0.43727
1056	0.43737
1057	0.43746
1058	0.43756
1059	0.43768
1060	0.43782
1061	0.43805
1062	0.43829
1063	0.43845
1064	0.43862
1065	0.43881
1066	0.43894
1067	0.43909
1068	0.43922
1069	0.43934
1070	0.43946
1071	0.43948
1072	0.43953
1073	0.43958
1074	0.43961
1075	0.43963
1076	0.43958
1077	0.43958
1078	0.43962
1079	0.43966
1080	0.43968
1081	0.43966
1082	0.43964
1083	0.43957
1084	0.43953
1085	0.4395
1086	0.43951
1087	0.43953
1088	0.43951
1089	0.43947
1090	0.43942
1091	0.4394
1092	0.43942
1093	0.43948
1094	0.43949
1095	0.43946
1096	0.43932
1097	0.43915
1098	0.43895
1099	0.43888
1100	0.43884
1101	0.4387
1102	0.43852
1103	0.43831
1104	0.43819
1105	0.43807
1106	0.43805
1107	0.43791
1108	0.43781
1109	0.43773
1110	0.43771
1111	0.43765
1112	0.43749
1113	0.4374
1114	0.43746
1115	0.43759
1116	0.43757
1117	0.43744
1118	0.43723
1119	0.43712
1120	0.43698
1121	0.43675
1122	0.43642
1123	0.4361
1124	0.4359
1125	0.43568
1126	0.4353
1127	0.43467
1128	0.434
1129	0.4335
1130	0.43299
1131	0.43233
1132	0.43129
1133	0.4301
1134	0.42903
1135	0.42807
1136	0.42717
1137	0.42625
1138	0.42508
1139	0.42346
1140	0.42137
1141	0.41939
1142	0.41794
1143	0.41671
1144	0.41514
1145	0.41297
1146	0.41078
1147	0.40923
1148	0.40817
1149	0.40728
1150	0.4062
1151	0.40493
1152	0.40362
1153	0.40233
1154	0.40129
1155	0.40057
1156	0.40008
1157	0.39972
1158	0.39934
1159	0.39894
1160	0.39855
1161	0.39823
1162	0.39797
1163	0.3979
1164	0.39791
1165	0.39798
1166	0.39789
1167	0.39778
1168	0.39771
1169	0.39767
1170	0.39765
1171	0.39749
1172	0.39717
1173	0.39687
1174	0.39686
1175	0.39701
1176	0.39727
1177	0.39735
1178	0.39735
1179	0.39737
1180	0.39738
1181	0.39741
1182	0.39738
1183	0.39733
1184	0.39724
1185	0.39716
1186	0.39712
1187	0.39704
1188	0.39701
1189	0.39695
1190	0.39695
1191	0.39683
1192	0.3968
1193	0.39672
1194	0.39668
1195	0.39658
1196	0.39651
1197	0.39649
1198	0.39649
1199	0.39665
1200	0.39694
1201	0.39724
1202	0.39726
1203	0.39717
1204	0.39714
1205	0.39725
1206	0.39746
1207	0.39762
1208	0.39767
1209	0.39764
1210	0.39763
1211	0.39775
1212	0.39788
1213	0.39795
1214	0.39785
1215	0.39776
1216	0.39784
1217	0.39808
1218	0.3984
1219	0.39864
1220	0.39868
1221	0.3986
1222	0.39852
1223	0.39851
1224	0.39857
1225	0.39863
1226	0.39854
1227	0.3984
1228	0.3983
1229	0.39828
1230	0.39831
1231	0.39837
1232	0.39836
1233	0.39835
1234	0.39837
1235	0.39843
1236	0.39846
1237	0.39845
1238	0.39839
1239	0.39826
1240	0.3982
1241	0.39819
1242	0.39822
1243	0.39833
1244	0.3983
1245	0.39838
1246	0.39826
1247	0.39823
1248	0.39815
1249	0.39806
1250	0.39798
1251	0.39794
1252	0.39782
1253	0.39776
1254	0.39757
1255	0.39733
1256	0.39715
1257	0.39702
1258	0.39692
1259	0.39681
1260	0.39683
1261	0.39684
1262	0.39683
1263	0.39671
1264	0.39659
1265	0.39643
1266	0.39628
1267	0.39614
1268	0.39598
1269	0.39586
1270	0.39561
1271	0.39538
1272	0.3951
1273	0.39478
1274	0.39443
1275	0.39412
1276	0.39389
1277	0.3937
1278	0.39351
1279	0.39329
1280	0.39297
1281	0.39263
1282	0.39228
1283	0.39188
1284	0.39155
1285	0.39122
1286	0.39093
1287	0.39077
1288	0.39051
1289	0.3902
1290	0.38992
1291	0.38951
1292	0.38914
1293	0.38877
1294	0.38833
1295	0.3879
1296	0.38733
1297	0.38677
1298	0.38625
1299	0.3858
1300	0.38565
1301	0.38472
1302	0.38445
1303	0.38408
1304	0.38355
1305	0.38316
1306	0.38218
1307	0.38164
1308	0.38089
1309	0.38017
1310	0.37955
1311	0.37893
1312	0.37809
1313	0.37701
1314	0.37614
1315	0.37511
1316	0.37424
1317	0.37328
1318	0.37216
1319	0.37107
1320	0.3695
1321	0.36843
1322	0.36714
1323	0.3659
1324	0.36487
1325	0.36432
1326	0.36314
1327	0.36135
1328	0.35959
1329	0.35795
1330	0.357
1331	0.35606
1332	0.35489
1333	0.35346
1334	0.35143
1335	0.34944
1336	0.34779
1337	0.34605
1338	0.34453
1339	0.34337
1340	0.34247
1341	0.34126
1342	0.33967
1343	0.33842
1344	0.33666
1345	0.33457
1346	0.33235
1347	0.3304
1348	0.32859
1349	0.32731
1350	0.32554
1351	0.32421
1352	0.32252
1353	0.32104
1354	0.31949
1355	0.31821
1356	0.31655
1357	0.31528
1358	0.31382
1359	0.31343
1360	0.3133
1361	0.31257
1362	0.31119
1363	0.30951
1364	0.30825
1365	0.30692
1366	0.30505
1367	0.30392
1368	0.30199
1369	0.29981
1370	0.2974
1371	0.29429
1372	0.29094
1373	0.28811
1374	0.28453
1375	0.28044
1376	0.27705
1377	0.27312
1378	0.26934
1379	0.26534
1380	0.26243
1381	0.2576
1382	0.25259
1383	0.24687
1384	0.24207
1385	0.23573
1386	0.22956
1387	0.22361
1388	0.21721
1389	0.21237
1390	0.20616
1391	0.20067
1392	0.19515
1393	0.19002
1394	0.18436
1395	0.18032
1396	0.17565
1397	0.17057
1398	0.16614
1399	0.16189
1400	0.1579
1401	0.15413
1402	0.1502
1403	0.14688
1404	0.14389
1405	0.14142
1406	0.13859
1407	0.13601
1408	0.13358
1409	0.13109
1410	0.12885
1411	0.12697
1412	0.12515
1413	0.12353
1414	0.12199
1415	0.1205
1416	0.11912
1417	0.11787
1418	0.11661
1419	0.11554
1420	0.11453
1421	0.11351
1422	0.11254
1423	0.11162
1424	0.11079
1425	0.10982
1426	0.10908
1427	0.1084
1428	0.10781
1429	0.10723
1430	0.10664
1431	0.10615
1432	0.10561
1433	0.10525
1434	0.10477
1435	0.10438
1436	0.10404
1437	0.1037
1438	0.10338
1439	0.10314
1440	0.1029
1441	0.10267
1442	0.1025
1443	0.1024
1444	0.1023
1445	0.10225
1446	0.10215
1447	0.10208
1448	0.10206
1449	0.10205
1450	0.10206
1451	0.10209
1452	0.10212
1453	0.10217
1454	0.10225
1455	0.10235
1456	0.1025
1457	0.10267
1458	0.10292
1459	0.10312
1460	0.10329
1461	0.10363
1462	0.10396
1463	0.10431
1464	0.10481
1465	0.10528
1466	0.10574
1467	0.10641
1468	0.10698
1469	0.10758
1470	0.10832
1471	0.10892
1472	0.10953
1473	0.11039
1474	0.11101
1475	0.11196
1476	0.1127
1477	0.11345
1478	0.11428
1479	0.11505
1480	0.11602
1481	0.11672
1482	0.11755
1483	0.11829
1484	0.11922
1485	0.11999
1486	0.12075
1487	0.12176
1488	0.12262
1489	0.12374
1490	0.12455
1491	0.12567
1492	0.12658
1493	0.12763
1494	0.12857
1495	0.12975
1496	0.13078
1497	0.13191
1498	0.133
1499	0.13396
1500	0.13513
1501	0.13597
1502	0.13711
1503	0.13819
1504	0.13938
1505	0.14055
1506	0.14149
1507	0.14267
1508	0.14354
1509	0.14475
1510	0.14599
1511	0.14706
1512	0.14832
1513	0.14923
1514	0.15046
1515	0.15174
1516	0.15273
1517	0.15401
1518	0.15521
1519	0.15618
1520	0.15734
1521	0.1586
1522	0.15954
1523	0.1608
1524	0.16208
1525	0.16306
1526	0.16421
1527	0.16534
1528	0.16629
1529	0.16729
1530	0.16832
1531	0.16956
1532	0.17044
1533	0.17156
1534	0.17269
1535	0.17377
1536	0.17468
1537	0.17577
1538	0.17672
1539	0.17792
1540	0.17892
1541	0.17979
1542	0.18091
1543	0.18198
1544	0.18314
1545	0.184
1546	0.18485
1547	0.18596
1548	0.18694
1549	0.18792
1550	0.18886
1551	0.18967
1552	0.19044
1553	0.19145
1554	0.19226
1555	0.19323
1556	0.19421
1557	0.1951
1558	0.19569
1559	0.19647
1560	0.19721
1561	0.19795
1562	0.19869
1563	0.19951
1564	0.20017
1565	0.20102
1566	0.20167
1567	0.20253
1568	0.20318
1569	0.20392
1570	0.20465
1571	0.20537
1572	0.20611
1573	0.2069
1574	0.20769
1575	0.20825
1576	0.20914
1577	0.20969
1578	0.21036
1579	0.21107
1580	0.21167
1581	0.21248
1582	0.21324
1583	0.21407
1584	0.2147
1585	0.21549
1586	0.21625
1587	0.21691
1588	0.21743
1589	0.21822
1590	0.21882
1591	0.2196
1592	0.22036
1593	0.22132
1594	0.22217
1595	0.22298
1596	0.22339
1597	0.2241
1598	0.22463
1599	0.22537
1600	0.22604
1601	0.22664
1602	0.22713
1603	0.22798
1604	0.22848
1605	0.2292
1606	0.22973
1607	0.23032
1608	0.23075
1609	0.23135
1610	0.23174
1611	0.23235
1612	0.2329
1613	0.23359
1614	0.2341
1615	0.23466
1616	0.23506
1617	0.23547
1618	0.23582
1619	0.23645
1620	0.23673
1621	0.23723
1622	0.23774
1623	0.23827
1624	0.23886
1625	0.2393
1626	0.23952
1627	0.24006
1628	0.24027
1629	0.24072
1630	0.24102
1631	0.24137
1632	0.24145
1633	0.24194
1634	0.24236
1635	0.24288
1636	0.24298
1637	0.24345
1638	0.24365
1639	0.24403
1640	0.24403
1641	0.24457
1642	0.24478
1643	0.24521
1644	0.24538
1645	0.24568
1646	0.24588
1647	0.24621
1648	0.24623
1649	0.24672
1650	0.24671
1651	0.24673
1652	0.24659
1653	0.2469
1654	0.24643
1655	0.2465
1656	0.24626
1657	0.24633
1658	0.24579
1659	0.2455
1660	0.24523
1661	0.24495
1662	0.24448
1663	0.24426
1664	0.2438
1665	0.24357
1666	0.24302
1667	0.2427
1668	0.24215
1669	0.24179
1670	0.2418
1671	0.24307
1672	0.24249
1673	0.24229
1674	0.24188
1675	0.2415
1676	0.24087
1677	0.24061
1678	0.24009
1679	0.23965
1680	0.23899
1681	0.23864
1682	0.23791
1683	0.23734
1684	0.23689
1685	0.23634
1686	0.23567
1687	0.23512
1688	0.23444
1689	0.23398
1690	0.2333
1691	0.23296
1692	0.23253
1693	0.23212
1694	0.23139
1695	0.2309
1696	0.23038
1697	0.22989
1698	0.22932
1699	0.22867
1700	0.22808
1701	0.22752
1702	0.22688
1703	0.22648
1704	0.226
1705	0.22559
1706	0.22498
1707	0.22457
1708	0.22385
1709	0.22349
1710	0.22295
1711	0.22239
1712	0.22184
1713	0.22141
1714	0.22089
1715	0.22055
1716	0.22003
1717	0.21961
1718	0.21896
1719	0.21849
1720	0.21787
1721	0.21748
1722	0.21703
1723	0.21665
1724	0.21627
1725	0.21582
1726	0.21537
1727	0.21525
1728	0.21501
1729	0.21478
1730	0.21453
1731	0.21452
1732	0.21435
1733	0.21426
1734	0.21401
1735	0.21389
1736	0.21401
1737	0.21384
1738	0.21365
1739	0.21357
1740	0.21331
1741	0.21313
1742	0.21288
1743	0.21269
1744	0.21224
1745	0.21176
1746	0.21129
1747	0.21097
1748	0.21046
1749	0.20996
1750	0.20949
1751	0.20894
1752	0.2083
1753	0.20785
1754	0.20743
1755	0.20695
1756	0.20635
1757	0.20582
1758	0.20541
1759	0.20505
1760	0.20458
1761	0.20413
1762	0.20387
1763	0.20352
1764	0.20301
1765	0.20267
1766	0.20242
1767	0.20225
1768	0.20197
1769	0.20192
1770	0.20184
1771	0.20198
1772	0.20217
1773	0.20192
1774	0.20192
1775	0.20177
1776	0.20169
1777	0.20185
1778	0.20187
1779	0.20172
1780	0.2017
1781	0.20162
1782	0.20164
1783	0.20153
1784	0.2015
1785	0.20122
1786	0.20108
1787	0.20086
1788	0.20089
1789	0.20084
1790	0.20067
1791	0.20072
1792	0.20063
1793	0.20066
1794	0.20074
1795	0.20085
1796	0.2008
1797	0.20102
1798	0.20133
1799	0.20144
1800	0.20144
1801	0.20178
1802	0.20192
1803	0.20207
1804	0.20217
1805	0.20236
1806	0.2024
1807	0.20253
1808	0.20239
1809	0.20242
1810	0.20256
1811	0.20243
1812	0.20233
1813	0.20234
1814	0.20236
1815	0.20244
1816	0.20224
1817	0.20228
1818	0.20228
1819	0.20226
1820	0.20237
1821	0.20242
1822	0.20241
1823	0.20254
1824	0.20241
1825	0.20271
1826	0.20268
1827	0.20249
1828	0.20218
1829	0.20213
1830	0.20194
1831	0.20173
1832	0.20118
1833	0.2009
1834	0.20059
1835	0.20008
1836	0.19988
1837	0.19958
1838	0.19909
1839	0.1987
1840	0.19822
1841	0.19754
1842	0.19697
1843	0.1962
1844	0.19555
1845	0.19474
1846	0.1939
1847	0.1931
1848	0.19182
1849	0.19056
1850	0.18922
1851	0.18811
1852	0.18607
1853	0.18455
1854	0.18292
1855	0.18126
1856	0.17943
1857	0.1774
1858	0.17514
1859	0.17312
1860	0.17024
1861	0.16787
1862	0.16378
1863	0.16065
1864	0.15744
1865	0.15445
1866	0.15089
1867	0.1477
1868	0.14402
1869	0.14106
1870	0.13595
1871	0.1321
1872	0.12825
1873	0.12414
1874	0.12023
1875	0.11589
1876	0.11189
1877	0.10591
1878	0.10153
1879	0.09749
1880	0.093471
1881	0.089312
1882	0.085792
1883	0.080478
1884	0.076855
1885	0.073569
1886	0.070465
1887	0.067318
1888	0.063542
1889	0.060814
1890	0.058464
1891	0.056307
1892	0.054212
1893	0.051714
1894	0.050034
1895	0.048663
1896	0.047446
1897	0.046484
1898	0.044963
1899	0.044348
1900	0.044087
1901	0.043305
1902	0.042349
1903	0.041736
1904	0.041241
1905	0.040809
1906	0.040174
1907	0.039791
1908	0.039425
1909	0.039136
1910	0.038735
1911	0.038471
1912	0.038241
1913	0.038044
1914	0.037782
1915	0.037645
1916	0.037486
1917	0.037336
1918	0.037135
1919	0.037007
1920	0.036875
1921	0.036542
1922	0.036305
1923	0.036118
1924	0.035946
1925	0.03583
1926	0.035725
1927	0.035661
1928	0.035602
1929	0.035559
1930	0.035525
1931	0.035473
1932	0.035403
1933	0.035351
1934	0.035331
1935	0.035297
1936	0.03532
1937	0.035371
1938	0.035389
1939	0.035427
1940	0.0355
1941	0.035559
1942	0.035616
1943	0.035726
1944	0.03581
1945	0.035896
1946	0.036032
1947	0.036155
1948	0.036249
1949	0.036429
1950	0.036543
1951	0.036768
1952	0.036901
1953	0.03706
1954	0.037281
1955	0.037467
1956	0.037609
1957	0.037859
1958	0.038026
1959	0.038266
1960	0.038468
1961	0.03863
1962	0.038939
1963	0.039113
1964	0.039416
1965	0.039632
1966	0.039864
1967	0.040178
1968	0.040432
1969	0.040758
1970	0.040987
1971	0.041401
1972	0.041624
1973	0.041838
1974	0.042266
1975	0.042536
1976	0.042955
1977	0.04327
1978	0.043751
1979	0.044075
1980	0.04454
1981	0.044835
1982	0.045106
1983	0.045581
1984	0.04587
1985	0.046328
1986	0.04663
1987	0.047061
1988	0.047352
1989	0.047813
1990	0.048153
1991	0.04858
1992	0.04891
1993	0.049361
1994	0.0497
1995	0.050165
1996	0.050478
1997	0.050969
1998	0.05128
1999	0.051795
2000	0.052129
2001	0.05246
2002	0.052958
2003	0.053501
2004	0.053813
2005	0.054338
2006	0.054695
2007	0.055186
2008	0.055523
2009	0.056031
2010	0.05634
2011	0.056841
2012	0.057174
2013	0.057704
2014	0.058027
2015	0.058527
2016	0.058848
2017	0.059329
2018	0.059605
2019	0.060046
2020	0.060355
2021	0.060814
2022	0.061265
2023	0.061511
2024	0.061967
2025	0.062246
2026	0.062665
2027	0.062873
2028	0.063283
2029	0.063693
2030	0.063932
2031	0.064235
2032	0.064482
2033	0.064856
2034	0.065051
2035	0.065423
2036	0.065812
2037	0.065987
2038	0.066393
2039	0.066561
2040	0.066924
2041	0.067276
2042	0.067435
2043	0.067776
2044	0.067936
2045	0.068257
2046	0.068564
2047	0.068721
2048	0.069041
2049	0.069189
2050	0.069482
2051	0.069782
2052	0.069931
2053	0.070221
2054	0.070559
2055	0.070706
2056	0.071068
2057	0.071257
2058	0.071642
2059	0.072008
2060	0.072254
2061	0.07263
2062	0.072967
2063	0.073224
2064	0.07356
2065	0.073988
2066	0.074156
2067	0.074513
2068	0.074885
2069	0.075106
2070	0.075456
2071	0.075852
2072	0.076032
2073	0.076398
2074	0.076753
2075	0.077014
2076	0.077362
2077	0.077758
2078	0.077986
2079	0.078343
2080	0.078666
2081	0.078863
2082	0.079272
2083	0.07961
2084	0.079796
2085	0.080129
2086	0.080497
2087	0.080829
2088	0.08105
2089	0.081388
2090	0.08172
2091	0.08194
2092	0.082214
2093	0.082608
2094	0.082903
2095	0.083099
2096	0.083362
2097	0.083696
2098	0.083926
2099	0.084217
2100	0.084518
2101	0.084817
2102	0.084994
2103	0.085333
2104	0.085617
2105	0.085934
2106	0.086139
2107	0.086465
2108	0.08677
2109	0.087085
2110	0.087309
2111	0.087585
2112	0.087835
2113	0.088154
2114	0.088305
2115	0.088541
2116	0.088827
2117	0.089113
2118	0.089294
2119	0.08957
2120	0.089859
2121	0.090239
2122	0.090518
2123	0.090734
2124	0.091045
2125	0.091324
2126	0.091562
2127	0.091706
2128	0.091894
2129	0.092121
2130	0.092346
2131	0.092634
2132	0.09279
2133	0.093081
2134	0.093279
2135	0.093498
2136	0.09373
2137	0.093825
2138	0.093976
2139	0.094115
2140	0.094271
2141	0.094462
2142	0.094605
2143	0.094694
2144	0.094826
2145	0.095018
2146	0.095201
2147	0.095356
2148	0.095445
2149	0.095556
2150	0.095761
2151	0.09596
2152	0.096102
2153	0.096284
2154	0.096383
2155	0.096532
2156	0.096774
2157	0.096857
2158	0.09702
2159	0.097161
2160	0.097324
2161	0.09738
2162	0.097563
2163	0.097708
2164	0.097882
2165	0.098002
2166	0.098172
2167	0.098356
2168	0.098517
2169	0.098616
2170	0.098778
2171	0.098971
2172	0.099145
2173	0.099352
2174	0.09959
2175	0.099762
2176	0.099964
2177	0.10017
2178	0.10039
2179	0.10066
2180	0.10091
2181	0.101
2182	0.10112
2183	0.10123
2184	0.10133
2185	0.10148
2186	0.10164
2187	0.1018
2188	0.10203
2189	0.10218
2190	0.10232
2191	0.10253
2192	0.10268
2193	0.10283
2194	0.10288
2195	0.10295
2196	0.10311
2197	0.10327
2198	0.10339
2199	0.10344
2200	0.10358
2201	0.10374
2202	0.10387
2203	0.104
2204	0.10409
2205	0.10422
2206	0.10434
2207	0.10445
2208	0.10464
2209	0.10477
2210	0.10494
2211	0.10512
2212	0.10525
2213	0.10536
2214	0.10542
2215	0.10553
2216	0.10555
2217	0.10563
2218	0.10564
2219	0.1057
2220	0.1058
2221	0.10584
2222	0.10587
2223	0.10581
2224	0.10579
2225	0.10576
2226	0.10563
2227	0.1055
2228	0.10537
2229	0.10518
2230	0.10494
2231	0.10477
2232	0.10451
2233	0.10421
2234	0.10397
2235	0.10363
2236	0.1032
2237	0.10272
2238	0.1023
2239	0.1018
2240	0.10127
2241	0.10069
2242	0.10013
2243	0.099497
2244	0.098876
2245	0.098263
2246	0.097614
2247	0.097017
2248	0.096407
2249	0.095777
2250	0.095198
2251	0.094626
2252	0.094055
2253	0.093349
2254	0.092756
2255	0.092093
2256	0.091522
2257	0.090943
2258	0.090422
2259	0.089854
2260	0.089291
2261	0.088727
2262	0.088264
2263	0.08775
2264	0.087234
2265	0.086746
2266	0.086296
2267	0.085834
2268	0.08536
2269	0.084893
2270	0.084447
2271	0.084083
2272	0.083734
2273	0.083359
2274	0.082918
2275	0.082593
2276	0.082197
2277	0.081886
2278	0.081581
2279	0.081266
2280	0.081011
2281	0.080653
2282	0.080248
2283	0.079936
2284	0.079522
2285	0.079132
2286	0.07874
2287	0.078247
2288	0.077835
2289	0.077402
2290	0.076943
2291	0.07665
2292	0.076256
2293	0.07597
2294	0.075621
2295	0.075331
2296	0.074974
2297	0.074658
2298	0.074209
2299	0.073927
2300	0.073592
2301	0.073291
2302	0.072929
2303	0.072689
2304	0.072406
2305	0.072216
2306	0.071781
2307	0.071604
2308	0.071435
2309	0.071243
2310	0.071064
2311	0.070965
2312	0.070799
2313	0.070719
2314	0.070405
2315	0.07038
2316	0.070232
2317	0.07013
2318	0.070014
2319	0.069955
2320	0.069798
2321	0.069677
2322	0.069364
2323	0.069266
2324	0.069089
2325	0.0689
2326	0.06875
2327	0.068621
2328	0.068206
2329	0.068049
2330	0.067827
2331	0.067588
2332	0.067326
2333	0.067055
2334	0.066782
2335	0.066361
2336	0.066119
2337	0.065876
2338	0.065615
2339	0.065379
2340	0.064918
2341	0.064737
2342	0.064468
2343	0.064266
2344	0.064046
2345	0.063856
2346	0.063526
2347	0.06338
2348	0.063218
2349	0.063107
2350	0.062948
2351	0.06263
2352	0.062562
2353	0.062444
2354	0.062243
2355	0.06212
2356	0.062032
2357	0.061714
2358	0.061626
2359	0.061567
2360	0.061403
2361	0.061275
2362	0.060909
2363	0.06082
2364	0.060706
2365	0.060593
2366	0.060257
2367	0.06009
2368	0.059891
2369	0.059686
2370	0.05954
2371	0.059177
2372	0.059017
2373	0.058819
2374	0.058702
2375	0.058299
2376	0.058249
2377	0.058062
2378	0.057862
2379	0.057777
2380	0.057422
2381	0.057264
2382	0.057057
2383	0.056927
2384	0.056583
2385	0.056399
2386	0.056226
2387	0.056065
2388	0.055688
2389	0.055475
2390	0.055269
2391	0.055087
2392	0.054718
2393	0.054521
2394	0.054333
2395	0.054171
2396	0.053827
2397	0.053664
2398	0.053469
2399	0.053304
2400	0.052928
2401	0.05274
2402	0.052497
2403	0.052326
2404	0.051879
2405	0.051675
2406	0.05146
2407	0.051089
2408	0.050867
2409	0.050668
2410	0.050485
2411	0.050164
2412	0.049923
2413	0.0497
2414	0.049325
2415	0.04913
2416	0.048897
2417	0.048672
2418	0.048307
2419	0.048087
2420	0.04785
2421	0.047472
2422	0.047241
2423	0.047018
2424	0.04681
2425	0.0464
2426	0.046189
2427	0.045953
2428	0.04557
2429	0.04534
2430	0.045071
2431	0.044708
2432	0.04447
2433	0.044228
2434	0.044018
2435	0.043617
2436	0.0434
2437	0.04317
2438	0.042821
2439	0.042587
2440	0.042381
2441	0.042006
2442	0.041813
2443	0.041586
2444	0.041193
2445	0.040938
2446	0.040721
2447	0.040368
2448	0.040138
2449	0.039924
2450	0.039585
2451	0.039361
2452	0.039166
2453	0.038793
2454	0.038595
2455	0.038409
2456	0.038066
2457	0.037894
2458	0.037702
2459	0.037388
2460	0.037213
2461	0.037023
2462	0.03673
2463	0.036587
2464	0.036436
2465	0.036177
2466	0.036009
2467	0.035747
2468	0.035579
2469	0.035467
2470	0.035215
2471	0.03511
2472	0.03499
2473	0.034735
2474	0.034612
2475	0.034513
2476	0.034312
2477	0.034211
2478	0.034025
2479	0.033899
2480	0.033785
2481	0.033627
2482	0.033545
2483	0.033495
2484	0.033328
2485	0.033194
2486	0.032931
2487	0.032903
2488	0.032814
2489	0.032591
2490	0.032549
2491	0.032464
2492	0.032353
2493	0.032297
2494	0.032218
2495	0.032188
2496	0.032166
2497	0.032052
2498	0.03204
2499	0.031907
2500	0.031928
